601288
1288
601111
0753
2600
601600
0347
000898
0914
600585
002821
6821
601988
3988
3328
601328
600860
0187
002594
1211
6185
688185
003816
1816
0998
601998
1898
601898
1800
601800
0939
601939
0670
600115
3996
601868
601818
6818
601881
6881
601995
3908
2628
601628
0916
001289
600036
3968
1988
600016
601808
2883
2601
601601
0386
600028
0390
1186
601390
601186
601066
6066
1088
601088
1055
600029
600956
0956
0728
601728
000002
2202
601077
3618
6030
600030
3993
603993
601919
1138
600026
1919
601766
1766
000157
601991
0991
1072
600875
6865
601865
600660
3606
1772
002460
000776
1776
2333
601633
601238
2238
600332
0874
6690
6837
600837
300347
600027
1071
0902
600011
601688
6886
601398
1398
0358
600362
6680
300748
603127
6127
600876
1108
0323
600808
1618
601618
1336
601336
600958
3958
601319
1339
601857
0857
300759
3759
2318
601318
1658
601658
600690
9995
688331
1787
600547
0719
600196
2196
1385
688385
1877
688180
601607
2607
3347
0168
600600
000338
2338
603259
2359
000756
2208
002202
600188
1171
3898
688187
601899
2899
1157
000063
0763
