601360
600391
600893
600469
600151
600855
600501
601288
601111
600271
601600
600298
600585
600012
603599
600761
600971
600418
603199
603589
600218
600567
600990
600237
600502
601801
600318
603198
600569
600397
603020
600629
601890
600558
600336
600862
600705
600765
600760
600038
600865
601169
601988
601328
601997
600926
600919
601009
601229
600550
600456
600019
600973
601011
600191
601992
601678
600791
600538
600463
600560
600386
600008
600376
603123
603025
600159
600405
600658
600037
603616
601101
600578
601908
601588
600429
601126
600410
600161
600085
600266
600861
600246
600055
600166
600681
600980
600510
600299
603167
600597
600708
601339
600258
600455
600707
601311
600230
600180
601016
600850
600697
603099
600742
600333
600148
600496
600757
600525
603698
603158
601799
600880
600353
600711
600078
600988
600879
601965
600372
601998
601898
601918
601800
601939
600150
600138
603018
600115
600675
601818
600977
601106
600340
600297
601118
600730
600195
601888
600176
601628
600764
600511
600056
600036
601872
600999
600016
601117
601985
600536
600111
601611
601808
601601
600028
600339
601390
601186
600528
600125
600636
600217
600062
601088
601989
600482
601098
600029
600995
600118
600158
601668
600088
600050
603005
600007
601179
600900
600373
600618
600132
603100
600729
600565
600615
600452
600279
600917
601005
600106
600129
600116
600847
601158
603601
600657
601608
600030
600067
603993
600787
600737
601919
601866
600026
600428
601766
600685
600072
603128
600715
600288
600257
600593
600719
600844
900921
601006
600694
600744
601991
600198
603019
600611
900903
600503
600826
600875
600006
600081
601198
600804
600776
900941
600537
603869
600803
603002
600295
900936
600622
601788
600516
600507
600869
601700
600498
601038
603007
600965
603288
601901
600601
600802
600693
600033
600483
600203
600493
600388
600592
600753
600103
603678
600573
603686
600660
600543
600720
600108
600795
601002
600383
600759
600182
600562
600199
600323
601633
600094
900940
600185
600606
600206
600979
603328
600433
600673
600868
600382
600589
603838
600256
600603
601333
601996
600310
600236
603368
601368
600936
600368
600252
600771
601238
600004
600332
600098
600894
603898
600684
600393
603166
600996
600227
600523
600395
600367
600992
600594
600268
601211
600221
900945
600515
601969
600837
600477
600126
601177
603618
603806
600814
600460
603901
600375
600378
600202
600178
600864
600664
603023
600559
600722
603011
600598
600187
601188
603567
600207
600403
600172
600285
601677
600312
600439
600222
600531
600020
600346
603223
600487
600060
600398
603306
900938
600751
600331
600885
600307
600829
600015
600743
600909
900937
600726
601226
600027
600325
600448
600985
600575
600011
600054
900942
601688
600801
600741
600035
600566
600260
600107
600293
600141
600079
603989
600969
600476
600478
603998
600731
600156
600975
600570
600387
601398
601166
601377
600602
900901
603598
600556
600010
600967
600887
900948
600361
600797
600756
600858
601886
600584
603979
603088
601128
600854
600105
600377
601500
601100
600276
600305
600981
600128
600400
600959
600527
601199
600557
603369
600513
601008
601222
603688
600716
601928
600287
600370
601218
600746
600220
603117
600200
600486
600805
600522
600770
600561
600362
600269
600461
600316
600363
600750
600976
601718
601518
600189
600360
600881
600807
601958
603518
600127
601007
601001
600495
600488
600201
603399
600190
900952
601929
601566
600380
600998
600872
603885
601216
600997
900953
600076
600499
603355
600143
600506
600422
600579
601579
600053
600519
601798
600328
600192
603169
600738
600612
900905
603883
600644
600739
603315
600758
601880
600303
600653
603609
601777
600231
600480
600099
603669
601003
600249
603766
600491
600853
603003
600186
600135
600167
600876
600223
600783
600784
600808
600828
600337
600993
600873
600863
601618
600683
600235
600390
600058
600356
600889
600533
600064
603066
600282
603111
600775
600713
600250
600682
600712
603968
600389
600406
600114
600718
601336
600640
603699
600130
601137
601789
600768
600724
601882
603997
600699
600798
603606
601567
600884
600982
601689
600051
600366
600857
601018
600449
600165
603611
600812
600184
600262
600435
601999
600110
600583
600811
600278
600958
601099
600728
600490
603000
601857
600071
601318
601666
600155
600048
601669
600000
603566
600283
600229
600690
600714
600381
603818
600321
600259
600017
600355
600104
601058
600703
601116
600031
600545
600061
600886
600962
601155
603988
601127
600171
600343
600379
601225
600984
601015
600831
600248
600348
600960
600966
600547
600350
600735
600467
600426
603021
600308
600022
600586
601966
600727
600789
600219
600529
600777
601028
600843
900924
600692
600643
600827
900923
600845
900926
601968
603009
600621
900908
600170
600508
600635
600841
900920
600630
601519
601727
600021
601595
600196
600624
603918
601616
600851
900917
600619
900910
603718
600532
600623
900909
900939
600605
600748
600009
600018
600315
600676
600754
900934
600650
900914
600616
900929
600639
900911
600838
600272
900943
600097
603006
600848
900928
900957
603729
600663
900932
603899
600073
600822
900927
600835
900925
600882
600638
600628
600833
600637
601607
600679
900916
600284
600662
603108
600689
900922
600626
600613
900904
600834
600604
900902
600823
600420
600649
600620
600647
600846
600820
600648
900912
600641
600661
600825
600732
603022
600824
600655
600895
600320
900947
600210
601515
600546
600740
600617
900913
600281
600123
601699
600809
600810
600642
600392
600183
600609
600396
603808
600548
601139
603118
600162
600446
603026
600587
600481
603318
600839
600674
601208
601107
600678
603077
600137
600466
600101
600039
600779
600702
600139
600505
603969
600459
600500
600109
603126
600970
600335
600444
600871
600688
603366
601555
601900
600369
600292
601021
600866
600131
600517
600710
600077
600830
603333
600571
600736
600169
600665
601000
600409
600535
600089
600330
600590
600512
603789
600582
600800
600468
600874
600082
600717
600322
600329
601020
600211
600338
600326
600749
600773
600551
600867
600365
601233
600577
600438
600763
600780
601163
600552
600100
600600
601231
600300
600645
600152
600859
600309
600063
600371
603309
601010
600520
601069
600983
600745
600157
600580
600173
600704
600136
600133
600774
600168
600769
600345
600327
600475
600908
600667
600897
600153
600563
600755
600686
600549
600057
601012
600706
601369
600302
600095
603008
600208
601811
600117
600581
600251
600888
600425
600540
600359
600509
600419
600075
603227
600197
600778
600782
600351
600691
600213
600188
600766
600819
900918
601388
600793
603939
600785
603308
601933
600588
600177
600233
600963
600883
600497
600792
600239
600096
600794
600436
600113
603001
603222
600790
601877
600415
600572
600633
603338
600526
600070
600232
603311
600052
600059
600987
600267
600521
603300
603799
603558
600273
600668
603456
600160
600352
600216
600120
600796
603116
603168
603703
603085
603010
603568
600576
600596
600261
600023
600121
601717
600066
600986
601599
600489
600818
900915
600163
600313
601636
600479
600961
600458
601899
