2670
8572
2685
4401
6857
8267
9787
8570
8905
5201
3076
4206
7389
6118
8515
9627
4088
6191
7259
2802
3932
3036
2784
3028
6770
6113
6436
9202
8715
6754
8214
8219
8304
2733
9842
3085
9948
2815
5208
4423
7198
7476
6140
2502
5857
7747
3407
1852
7936
2678
4503
6194
9832
3836
7860
8388
6845
7832
8522
6532
3328
9974
6183
9997
2412
9783
3048
8056
4694
5108
3673
6448
5930
2229
7751
8060
9697
6952
2664
4044
9022
9740
8439
3962
8331
9502
1941
4519
5832
9504
4617
7762
6407
2579
3668
7616
9692
1721
3844
7186
5021
3349
3387
3148
8253
7085
4751
4776
7912
8750
4202
5471
6383
6622
1822
4082
4568
7458
5702
6367
2791
7735
3880
9793
7327
6962
4577
1878
1925
8601
3107
3050
2432
4061
6902
4324
8114
4980
4631
2326
4819
2379
7354
6146
6141
3087
5714
9682
4665
2590
4985
9020
6361
2730
8771
4549
4523
6737
6099
6750
9513
4849
5020
6961
9517
8892
6859
2931
7278
2206
7296
4921
6954
9983
7148
3563
7947
8278
6504
9010
6134
4676
2607
7864
9749
2908
4901
5803
5384
6406
6702
6755
9790
8354
9075
4848
9757
5801
4368
4722
8424
7508
9470
9267
2681
4449
6289
7990
6457
9449
3769
8111
3632
6674
3903
3765
3002
9603
8242
8359
2433
7433
6965
9042
8078
1808
1719
6412
8803
8276
7611
9435
7205
6866
6258
7337
6806
4530
6501
6305
6810
9086
7004
3593
9509
7381
3865
8377
9505
1379
7267
6856
6465
6804
6277
2810
7741
4544
3003
8368
4062
7630
2337
6652
5019
7599
7013
3291
9119
9934
8098
4812
4348
2492
5076
1605
6200
4326
3774
6035
6908
3099
4028
3660
7202
2593
8001
8133
4739
2296
8088
8273
3086
2124
8584
8595
9201
9706
6807
9424
6740
6544
8697
7575
6055
1662
7182
6178
7181
8511
5631
2914
3201
4552
4975
6951
5411
1963
3046
3539
4483
8173
3191
4185
6473
7380
4686
6632
8282
9468
8154
2811
1812
2371
4521
2220
9364
9678
1942
4118
8020
9503
4613
4047
4452
7421
8919
9869
7012
9107
9433
6036
9045
8818
9006
9008
9009
4251
8544
2809
2594
6861
4189
3465
2801
1944
9041
2503
8160
4547
6498
8370
6999
4967
3038
5406
3635
7516
7276
7984
6301
3543
8218
9766
4902
4922
2157
2222
6326
1861
4996
2695
3405
4023
6370
3549
7242
6971
5440
7226
4569
9616
1951
4151
1959
9508
7180
9142
6920
2651
8848
8194
2170
7966
4912
7366
5938
6080
3661
2413
6592
3132
3978
7821
6135
6586
7033
4917
7730
8002
1333
8252
5463
7128
5344
9090
7456
8628
3088
7261
7167
4971
3902
7459
6095
6875
2270
6508
2269
6787
9744
7780
4385
9551
6871
6564
4919
8155
6479
1417
9928
9962
4188
8058
6503
8802
4182
7011
9301
5711
7211
7105
7976
3636
7451
8306
8593
5192
8031
4183
7003
8801
6966
1518
5706
9104
9302
6005
2121
8411
8425
8022
4534
6269
8698
3994
3097
3064
2201
2264
8153
8725
6981
7220
6268
6474
8012
9663
9048
7014
9044
8367
6701
1973
7518
7383
3659
3186
5333
5334
2282
5991
5393
6996
7943
2871
6594
7988
6849
2127
4095
6376
9072
7731
7974
2001
5302
6929
6997
5563
5214
9147
8174
9728
4272
1954
5703
4612
3863
2353
6490
1884
5202
4516
4114
4041
5401
9810
9432
9404
6480
7995
5480
9101
8086
9031
7189
1820
7545
9699
4021
7201
6284
7915
2602
2002
3105
6641
2897
1332
9843
5186
1515
3110
6988
6651
4928
4403
6744
7419
7240
8604
9716
3231
4307
5331
7744
5943
8524
2327
9759
6471
6472
9613
1802
4733
4684
9007
8361
9936
3182
3861
7994
8609
6703
9511
7350
6103
1833
7733
6645
4528
8016
3926
3288
2154
6914
6235
4716
6368
8585
4661
1786
8591
9532
4187
4046
5726
6136
4768
4578
2427
7250
5541
2726
8283
7532
6752
7817
4666
2168
1893
4587
2181
2929
6523
7956
7846
5988
4927
3657
7199
7246
3254
4290
2281
3034
3031
1926
4384
3923
4755
6098
4708
8876
6723
3941
9519
8308
4004
4681
8167
7752
8566
7734
8200
5947
6413
4714
2910
6963
4527
7944
6323
4680
8179
3445
5851
7453
8068
2292
2471
9900
7581
9039
1377
3244
2659
8097
8381
8130
6707
1961
6417
9065
6584
8136
4443
4536
5929
4471
6516
5481
2501
6287
4887
8473
2384
8005
9719
9735
6460
9024
6724
8050
9076
3569
4204
1928
9069
8714
3382
8410
9143
6753
6104
6590
3697
8366
9507
6222
7701
8227
7309
1803
7970
2395
4063
6844
6967
7224
8303
4507
3360
4911
5831
9543
1414
9601
7839
8079
2004
6088
7613
4373
6507
9412
3197
6273
2175
7816
6143
9434
9984
3371
2331
2768
6197
8630
6758
9003
9684
6923
7718
8850
4109
6196
7270
7649
3436
4203
4005
8053
4506
5802
1911
6302
5713
8309
1821
8316
5232
8830
5110
8934
9989
2587
8358
9987
7269
5805
6869
2317
3738
8795
4958
7239
6395
5233
1979
1801
4581
4626
4091
6976
1762
4974
2531
7981
1969
8233
4502
6432
6013
1419
7740
6768
9743
9401
6762
3762
6028
3401
4543
8341
8369
8334
5830
8336
9303
6481
3626
9746
1885
4045
9001
3433
1860
9605
9602
9533
8129
5727
9506
5301
3167
6995
8616
1766
8766
3708
4043
9501
8035
2760
9531
4186
7729
5423
8804
7173
9672
1720
9005
3289
7867
7732
7911
5975
3402
6616
3397
4551
8923
6502
6588
4042
1835
5332
6315
4553
1890
4634
5901
2875
5310
5105
3101
7282
3116
6201
7203
8015
6463
9058
9715
9247
4704
4369
9830
7313
6464
6371
6101
4540
3391
9409
5741
4208
8057
6728
8113
5949
7606
3222
9418
6925
4732
2146
7717
3681
9956
2491
6058
9416
7593
6619
3591
6727
2918
4825
3141
9021
4432
3612
8281
6630
2267
6250
9831
8418
7951
7272
9064
5444
2212
8051
8279
6506
9882
5451
5911
6841
5101
6800
8008
9861
8074
4689
7164
7550
4205
4559
7965
3092
6947
